{"width":768,"height":728,"sliceWidth":128,"sliceHeight":145,"pieces":[{"rle":[[0,129],[0,129],[0,129],[0,129],[0,129],[0,129],[0,129],[0,129],[0,129],[0,129],[0,129],[0,129],[0,129],[0,129],[0,129],[0,129],[0,129],[0,129],[0,129],[0,129],[0,129],[0,129],[0,129],[0,129],[0,129],[0,129],[0,129],[0,129],[0,129],[0,129],[0,129],[0,129],[0,129],[0,129],[0,129],[0,129],[0,129],[0,129],[0,129],[0,129],[0,129],[0,129],[0,129],[0,129],[0,129],[0,129],[0,129],[0,129],[0,129],[0,129],[0,129],[0,129],[0,129],[0,129],[0,129],[0,129],[0,129],[0,129],[0,101,8,20],[0,99,12,18],[0,97,16,16],[0,95,19,15],[0,94,21,14],[0,93,23,13],[0,93,24,11],[0,92,26,9],[0,92,27,7],[0,91,29,4],[0,91],[0,91],[0,91],[0,91],[0,91],[0,91],[0,91],[0,91],[0,91,29,4],[0,92,27,7],[0,92,26,9],[0,93,24,11],[0,93,23,13],[0,94,21,14],[0,95,19,15],[0,97,16,16],[0,99,12,18],[0,101,8,20],[0,129],[0,129],[0,129],[0,129],[0,129],[0,129],[0,129],[0,129],[0,129],[0,129],[0,129],[0,129],[0,129],[0,129],[0,129],[0,129],[0,129],[0,129],[0,129],[0,129],[0,129],[0,129],[0,129],[0,129],[0,129],[0,129],[0,129],[0,129],[0,129],[0,129],[0,129],[0,129],[0,129],[0,129],[0,129],[0,129],[0,129],[0,129],[0,129],[0,129],[0,129],[0,129],[0,129],[0,129],[0,129],[0,129],[0,129],[0,129],[0,129],[0,129],[0,129],[0,129],[0,129],[0,129],[0,129],[0,129],[0,129],[0,129],[0,129],[0,128],[55,16],[56,14],[56,14],[57,12],[57,12],[57,12],[57,12],[56,14],[55,16],[54,18],[53,20],[52,22],[51,24],[50,26],[49,28],[49,28],[48,30],[48,30],[47,32],[47,32],[47,32],[47,32],[47,32],[47,32],[47,32],[47,32],[48,30],[48,30],[49,28],[49,28],[50,26],[50,26],[51,24],[52,22],[53,20],[54,18],[56,14],[58,10]],"bounds":{"minX":0,"minY":0,"maxX":129,"maxY":184}},{"rle":[[38,130],[38,130],[38,130],[38,130],[38,130],[38,130],[38,130],[38,130],[38,130],[38,130],[38,130],[38,130],[38,130],[38,130],[38,130],[38,130],[38,130],[38,130],[38,130],[38,130],[38,130],[38,130],[38,130],[38,130],[38,130],[38,130],[38,130],[38,130],[38,130],[38,130],[38,130],[38,130],[38,130],[38,130],[38,130],[38,130],[38,130],[38,130],[38,130],[38,130],[38,130],[38,130],[38,130],[38,130],[38,130],[38,130],[38,130],[38,130],[38,130],[38,130],[38,130],[38,130],[38,130],[38,130],[38,130],[38,130],[12,8,18,130,18,8],[10,12,16,130,16,12],[8,16,14,130,14,16],[6,19,13,130,13,19],[5,21,12,130,12,21],[4,23,11,130,11,23],[3,25,10,130,10,25],[2,27,9,130,9,27],[2,28,7,132,7,28],[1,30,4,136,4,30],[1,204],[0,206],[0,206],[0,206],[0,206],[0,206],[0,206],[0,206],[0,206],[0,206],[0,206],[1,204],[1,30,4,136,4,30],[2,28,7,132,7,28],[2,27,9,130,9,27],[3,25,10,130,10,25],[4,23,11,130,11,23],[5,21,12,130,12,21],[6,19,13,130,13,19],[8,16,14,130,14,16],[10,12,16,130,16,12],[12,8,18,130,18,8],[38,130],[38,130],[38,130],[38,130],[38,130],[38,130],[38,130],[38,130],[38,130],[38,130],[38,130],[38,130],[38,130],[38,130],[38,130],[38,130],[38,130],[38,130],[38,130],[38,130],[38,60,10,60],[38,58,14,58],[38,56,18,56],[38,55,20,55],[38,54,22,54],[38,54,22,54],[38,53,24,53],[38,53,24,53],[38,52,26,52],[38,52,26,52],[38,51,28,51],[38,51,28,51],[38,51,28,51],[38,51,28,51],[38,51,28,51],[38,51,28,51],[38,51,28,51],[38,51,28,51],[38,52,26,52],[38,52,26,52],[38,53,24,53],[38,53,24,53],[38,54,22,54],[38,55,20,55],[38,56,18,56],[38,57,16,57],[38,58,14,58],[38,59,12,59],[38,60,10,60],[38,61,8,61],[38,61,8,61],[38,61,8,61],[38,61,8,61],[38,60,10,60],[38,60,10,60],[38,59,12,59],[38,58,14,58],[39,56,16,56]],"bounds":{"minX":89,"minY":0,"maxX":295,"maxY":146}},{"rle":[[0,130],[0,130],[0,130],[0,130],[0,130],[0,130],[0,130],[0,130],[0,130],[0,130],[0,130],[0,130],[0,130],[0,130],[0,130],[0,130],[0,130],[0,130],[0,130],[0,130],[0,130],[0,130],[0,130],[0,130],[0,130],[0,130],[0,130],[0,130],[0,130],[0,130],[0,130],[0,130],[0,130],[0,130],[0,130],[0,130],[0,130],[0,130],[0,130],[0,130],[0,130],[0,130],[0,130],[0,130],[0,130],[0,130],[0,130],[0,130],[0,130],[0,130],[0,130],[0,130],[0,130],[0,130],[0,130],[0,130],[0,130],[0,130],[0,20,8,74,8,20],[0,18,12,70,12,18],[0,16,16,66,16,16],[0,15,19,62,19,15],[0,14,21,60,21,14],[0,13,23,58,23,13],[1,11,24,58,24,11],[2,9,26,56,26,9],[3,7,27,56,27,7],[5,4,29,54,29,4],[38,54],[38,54],[38,54],[38,54],[38,54],[38,54],[38,54],[38,54],[5,4,29,54,29,4],[3,7,27,56,27,7],[2,9,26,56,26,9],[1,11,24,58,24,11],[0,13,23,58,23,13],[0,14,21,60,21,14],[0,15,19,62,19,15],[0,16,16,66,16,16],[0,18,12,70,12,18],[0,20,8,74,8,20],[0,130],[0,130],[0,130],[0,130],[0,130],[0,130],[0,130],[0,130],[0,130],[0,130],[0,130],[0,130],[0,130],[0,130],[0,130],[0,130],[0,130],[0,130],[0,130],[0,130],[0,130],[0,130],[0,130],[0,130],[0,130],[0,130],[0,130],[0,130],[0,130],[0,130],[0,130],[0,130],[0,130],[0,130],[0,130],[0,130],[0,130],[0,130],[0,130],[0,130],[0,130],[0,130],[0,130],[0,130],[0,130],[0,130],[0,130],[0,130],[0,130],[0,130],[0,130],[0,130],[0,130],[0,130],[0,130],[0,130],[0,130],[0,130],[0,130],[1,128],[57,16],[58,14],[58,14],[59,12],[59,12],[59,12],[59,12],[58,14],[57,16],[56,18],[55,20],[54,22],[53,24],[52,26],[51,28],[51,28],[50,30],[50,30],[49,32],[49,32],[49,32],[49,32],[49,32],[49,32],[49,32],[49,32],[50,30],[50,30],[51,28],[51,28],[52,26],[52,26],[53,24],[54,22],[55,20],[56,18],[58,14],[60,10]],"bounds":{"minX":255,"minY":0,"maxX":385,"maxY":184}},{"rle":[[38,130],[38,130],[38,130],[38,130],[38,130],[38,130],[38,130],[38,130],[38,130],[38,130],[38,130],[38,130],[38,130],[38,130],[38,130],[38,130],[38,130],[38,130],[38,130],[38,130],[38,130],[38,130],[38,130],[38,130],[38,130],[38,130],[38,130],[38,130],[38,130],[38,130],[38,130],[38,130],[38,130],[38,130],[38,130],[38,130],[38,130],[38,130],[38,130],[38,130],[38,130],[38,130],[38,130],[38,130],[38,130],[38,130],[38,130],[38,130],[38,130],[38,130],[38,130],[38,130],[38,130],[38,130],[38,130],[38,130],[12,8,18,130,18,8],[10,12,16,130,16,12],[8,16,14,130,14,16],[6,19,13,130,13,19],[5,21,12,130,12,21],[4,23,11,130,11,23],[3,25,10,130,10,25],[2,27,9,130,9,27],[2,28,7,132,7,28],[1,30,4,136,4,30],[1,204],[0,206],[0,206],[0,206],[0,206],[0,206],[0,206],[0,206],[0,206],[0,206],[0,206],[1,204],[1,30,4,136,4,30],[2,28,7,132,7,28],[2,27,9,130,9,27],[3,25,10,130,10,25],[4,23,11,130,11,23],[5,21,12,130,12,21],[6,19,13,130,13,19],[8,16,14,130,14,16],[10,12,16,130,16,12],[12,8,18,130,18,8],[38,130],[38,130],[38,130],[38,130],[38,130],[38,130],[38,130],[38,130],[38,130],[38,130],[38,130],[38,130],[38,130],[38,130],[38,130],[38,130],[38,130],[38,130],[38,130],[38,130],[38,62,10,58],[38,60,14,56],[38,58,18,54],[38,57,20,53],[38,56,22,52],[38,56,22,52],[38,55,24,51],[38,55,24,51],[38,54,26,50],[38,54,26,50],[38,53,28,49],[38,53,28,49],[38,53,28,49],[38,53,28,49],[38,53,28,49],[38,53,28,49],[38,53,28,49],[38,53,28,49],[38,54,26,50],[38,54,26,50],[38,55,24,51],[38,55,24,51],[38,56,22,52],[38,57,20,53],[38,58,18,54],[38,59,16,55],[38,60,14,56],[38,61,12,57],[38,62,10,58],[38,63,8,59],[38,63,8,59],[38,63,8,59],[38,63,8,59],[38,62,10,58],[38,62,10,58],[38,61,12,57],[38,60,14,56],[39,58,16,54]],"bounds":{"minX":345,"minY":0,"maxX":551,"maxY":146}},{"rle":[[0,130],[0,130],[0,130],[0,130],[0,130],[0,130],[0,130],[0,130],[0,130],[0,130],[0,130],[0,130],[0,130],[0,130],[0,130],[0,130],[0,130],[0,130],[0,130],[0,130],[0,130],[0,130],[0,130],[0,130],[0,130],[0,130],[0,130],[0,130],[0,130],[0,130],[0,130],[0,130],[0,130],[0,130],[0,130],[0,130],[0,130],[0,130],[0,130],[0,130],[0,130],[0,130],[0,130],[0,130],[0,130],[0,130],[0,130],[0,130],[0,130],[0,130],[0,130],[0,130],[0,130],[0,130],[0,130],[0,130],[0,130,18,8],[0,130,16,12],[0,20,8,102,14,16],[0,18,12,100,13,19],[0,16,16,98,12,21],[0,15,19,96,11,23],[0,14,21,95,10,25],[0,13,23,94,9,27],[1,11,24,95,7,28],[2,9,26,96,4,30],[3,7,27,130],[5,4,29,130],[38,130],[38,130],[38,130],[38,130],[38,130],[38,130],[38,130],[38,130],[5,4,29,130],[3,7,27,130],[2,9,26,96,4,30],[1,11,24,95,7,28],[0,13,23,94,9,27],[0,14,21,95,10,25],[0,15,19,96,11,23],[0,16,16,98,12,21],[0,18,12,100,13,19],[0,20,8,102,14,16],[0,130,16,12],[0,130,18,8],[0,130],[0,130],[0,130],[0,130],[0,130],[0,130],[0,130],[0,130],[0,130],[0,130],[0,130],[0,130],[0,130],[0,130],[0,130],[0,130],[0,130],[0,130],[0,130],[0,130],[0,130],[0,130],[0,130],[0,130],[0,130],[0,130],[0,130],[0,130],[0,130],[0,130],[0,130],[0,130],[0,130],[0,130],[0,130],[0,130],[0,130],[0,130],[0,130],[0,130],[0,130],[0,130],[0,130],[0,130],[0,130],[0,130],[0,130],[0,130],[0,130],[0,130],[0,130],[0,130],[0,130],[0,130],[0,130],[0,130],[0,130],[1,128],[58,16],[59,14],[59,14],[60,12],[60,12],[60,12],[60,12],[59,14],[58,16],[57,18],[56,20],[55,22],[54,24],[53,26],[52,28],[52,28],[51,30],[51,30],[50,32],[50,32],[50,32],[50,32],[50,32],[50,32],[50,32],[50,32],[51,30],[51,30],[52,28],[52,28],[53,26],[53,26],[54,24],[55,22],[56,20],[57,18],[59,14],[61,10]],"bounds":{"minX":511,"minY":0,"maxX":679,"maxY":184}},{"rle":[[0,129],[0,129],[0,129],[0,129],[0,129],[0,129],[0,129],[0,129],[0,129],[0,129],[0,129],[0,129],[0,129],[0,129],[0,129],[0,129],[0,129],[0,129],[0,129],[0,129],[0,129],[0,129],[0,129],[0,129],[0,129],[0,129],[0,129],[0,129],[0,129],[0,129],[0,129],[0,129],[0,129],[0,129],[0,129],[0,129],[0,129],[0,129],[0,129],[0,129],[0,129],[0,129],[0,129],[0,129],[0,129],[0,129],[0,129],[0,129],[0,129],[0,129],[0,129],[0,129],[0,129],[0,129],[0,129],[0,129],[0,129],[0,129],[0,20,8,101],[0,18,12,99],[0,16,16,97],[0,15,19,95],[0,14,21,94],[0,13,23,93],[1,11,24,93],[2,9,26,92],[3,7,27,92],[5,4,29,91],[38,91],[38,91],[38,91],[38,91],[38,91],[38,91],[38,91],[38,91],[5,4,29,91],[3,7,27,92],[2,9,26,92],[1,11,24,93],[0,13,23,93],[0,14,21,94],[0,15,19,95],[0,16,16,97],[0,18,12,99],[0,20,8,101],[0,129],[0,129],[0,129],[0,129],[0,129],[0,129],[0,129],[0,129],[0,129],[0,129],[0,129],[0,129],[0,129],[0,129],[0,129],[0,129],[0,129],[0,129],[0,129],[0,129],[0,129],[0,129],[0,68,10,51],[0,66,14,49],[0,64,18,47],[0,63,20,46],[0,62,22,45],[0,62,22,45],[0,61,24,44],[0,61,24,44],[0,60,26,43],[0,60,26,43],[0,59,28,42],[0,59,28,42],[0,59,28,42],[0,59,28,42],[0,59,28,42],[0,59,28,42],[0,59,28,42],[0,59,28,42],[0,60,26,43],[0,60,26,43],[0,61,24,44],[0,61,24,44],[0,62,22,45],[0,63,20,46],[0,64,18,47],[0,65,16,48],[0,66,14,49],[0,67,12,50],[0,68,10,51],[0,69,8,52],[0,69,8,52],[0,69,8,52],[0,69,8,52],[0,68,10,51],[0,68,10,51],[0,67,12,50],[0,66,14,49],[1,64,16,48]],"bounds":{"minX":639,"minY":0,"maxX":768,"maxY":146}},{"rle":[[0,55,16,57],[0,56,14,59],[0,57,12,60],[0,58,10,61],[0,58,10,61],[0,59,8,62],[0,59,8,62],[0,59,8,62],[0,59,8,62],[0,58,10,61],[0,57,12,60],[0,56,14,59],[0,55,16,58],[0,54,18,57],[0,53,20,56],[0,52,22,55],[0,51,24,54],[0,51,24,54],[0,50,26,53],[0,50,26,53],[0,49,28,52],[0,49,28,52],[0,49,28,52],[0,49,28,52],[0,49,28,52],[0,49,28,52],[0,49,28,52],[0,49,28,52],[0,50,26,53],[0,50,26,53],[0,51,24,54],[0,51,24,54],[0,52,22,55],[0,52,22,55],[0,53,20,56],[0,54,18,57],[0,56,14,59],[0,58,10,61],[0,129],[0,129],[0,129],[0,129],[0,129],[0,129],[0,129],[0,129],[0,129],[0,129],[0,129],[0,129],[0,129],[0,129],[0,129],[0,129],[0,129],[0,129],[0,129],[0,129],[0,129],[0,129,18,8],[0,129,16,12],[0,129,14,16],[0,129,13,19],[0,129,12,21],[0,129,11,23],[0,129,10,25],[0,129,9,27],[0,130,7,28],[0,132,4,30],[0,166],[0,167],[0,167],[0,167],[0,167],[0,167],[0,167],[0,167],[0,167],[0,167],[0,167],[0,166],[0,132,4,30],[0,130,7,28],[0,129,9,27],[0,129,10,25],[0,129,11,23],[0,129,12,21],[0,129,13,19],[0,129,14,16],[0,129,16,12],[0,129,18,8],[0,129],[0,129],[0,129],[0,129],[0,129],[0,129],[0,129],[0,129],[0,129],[0,129],[0,129],[0,129],[0,129],[0,129],[0,129],[0,129],[0,129],[0,129],[0,58,10,61],[0,56,14,59],[0,54,18,57],[0,53,20,56],[0,52,22,55],[0,52,22,55],[0,51,24,54],[0,51,24,54],[0,50,26,53],[0,50,26,53],[0,49,28,52],[0,49,28,52],[0,49,28,52],[0,49,28,52],[0,49,28,52],[0,49,28,52],[0,49,28,52],[0,49,28,52],[0,50,26,53],[0,50,26,53],[0,51,24,54],[0,51,24,54],[0,52,22,55],[0,53,20,56],[0,54,18,57],[0,55,16,58],[0,56,14,59],[0,57,12,60],[0,58,10,61],[0,59,8,62],[0,59,8,62],[0,59,8,62],[0,59,8,62],[0,58,10,61],[0,58,10,61],[0,57,12,60],[0,56,14,59],[0,55,16,57]],"bounds":{"minX":0,"minY":144,"maxX":167,"maxY":291}},{"rle":[[60,10],[58,14],[56,18],[55,20],[54,22],[53,24],[52,26],[52,26],[51,28],[51,28],[50,30],[50,30],[49,32],[49,32],[49,32],[49,32],[49,32],[49,32],[49,32],[49,32],[50,30],[50,30],[51,28],[51,28],[52,26],[53,24],[54,22],[55,20],[56,18],[57,16],[58,14],[59,12],[59,12],[59,12],[59,12],[58,14],[58,14],[57,16],[1,128],[0,130],[0,130],[0,130],[0,130],[0,130],[0,130],[0,130],[0,130],[0,130],[0,130],[0,130],[0,130],[0,130],[0,130],[0,130],[0,130],[0,130],[0,130],[0,130],[0,130],[0,130],[0,130],[0,130],[0,130],[0,130],[0,130],[0,130],[0,130],[0,130],[0,130],[0,130],[0,130],[0,130],[0,130],[0,130],[0,130],[0,130],[0,130],[0,130],[0,130],[0,130],[0,130],[0,130],[0,130],[0,130],[0,130],[0,130],[0,130],[0,130],[0,130],[0,130],[0,130],[0,130],[0,130],[0,130],[0,130],[0,130],[0,130],[0,130],[0,130],[0,20,8,74,8,20],[0,18,12,70,12,18],[0,16,16,66,16,16],[0,15,19,62,19,15],[0,14,21,60,21,14],[0,13,23,58,23,13],[1,11,24,58,24,11],[2,9,26,56,26,9],[3,7,27,56,27,7],[5,4,29,54,29,4],[38,54],[38,54],[38,54],[38,54],[38,54],[38,54],[38,54],[38,54],[5,4,29,54,29,4],[3,7,27,56,27,7],[2,9,26,56,26,9],[1,11,24,58,24,11],[0,13,23,58,23,13],[0,14,21,60,21,14],[0,15,19,62,19,15],[0,16,16,66,16,16],[0,18,12,70,12,18],[0,20,8,74,8,20],[0,130],[0,130],[0,130],[0,130],[0,130],[0,130],[0,130],[0,130],[0,130],[0,130],[0,130],[0,130],[0,130],[0,130],[0,130],[0,130],[0,130],[0,130],[0,130],[0,130],[0,130],[0,130],[0,130],[0,130],[0,130],[0,130],[0,130],[0,130],[0,130],[0,130],[0,130],[0,130],[0,130],[0,130],[0,130],[0,130],[0,130],[0,130],[0,130],[0,130],[0,130],[0,130],[0,130],[0,130],[0,130],[0,130],[0,130],[0,130],[0,130],[0,130],[0,130],[0,130],[0,130],[0,130],[0,130],[0,130],[0,130],[1,128],[56,16],[57,14],[57,14],[58,12],[58,12],[58,12],[58,12],[57,14],[56,16],[55,18],[54,20],[53,22],[52,24],[51,26],[50,28],[50,28],[49,30],[49,30],[48,32],[48,32],[48,32],[48,32],[48,32],[48,32],[48,32],[48,32],[49,30],[49,30],[50,28],[50,28],[51,26],[51,26],[52,24],[53,22],[54,20],[55,18],[57,14],[59,10]],"bounds":{"minX":127,"minY":106,"maxX":257,"maxY":329}},{"rle":[[39,56,16,56],[38,58,14,58],[38,59,12,59],[38,60,10,60],[38,60,10,60],[38,61,8,61],[38,61,8,61],[38,61,8,61],[38,61,8,61],[38,60,10,60],[38,59,12,59],[38,58,14,58],[38,57,16,57],[38,56,18,56],[38,55,20,55],[38,54,22,54],[38,53,24,53],[38,53,24,53],[38,52,26,52],[38,52,26,52],[38,51,28,51],[38,51,28,51],[38,51,28,51],[38,51,28,51],[38,51,28,51],[38,51,28,51],[38,51,28,51],[38,51,28,51],[38,52,26,52],[38,52,26,52],[38,53,24,53],[38,53,24,53],[38,54,22,54],[38,54,22,54],[38,55,20,55],[38,56,18,56],[38,58,14,58],[38,60,10,60],[38,130],[38,130],[38,130],[38,130],[38,130],[38,130],[38,130],[38,130],[38,130],[38,130],[38,130],[38,130],[38,130],[38,130],[38,130],[38,130],[38,130],[38,130],[38,130],[38,130],[38,130],[12,8,18,130,18,8],[10,12,16,130,16,12],[8,16,14,130,14,16],[6,19,13,130,13,19],[5,21,12,130,12,21],[4,23,11,130,11,23],[3,25,10,130,10,25],[2,27,9,130,9,27],[2,28,7,132,7,28],[1,30,4,136,4,30],[1,204],[0,206],[0,206],[0,206],[0,206],[0,206],[0,206],[0,206],[0,206],[0,206],[0,206],[1,204],[1,30,4,136,4,30],[2,28,7,132,7,28],[2,27,9,130,9,27],[3,25,10,130,10,25],[4,23,11,130,11,23],[5,21,12,130,12,21],[6,19,13,130,13,19],[8,16,14,130,14,16],[10,12,16,130,16,12],[12,8,18,130,18,8],[38,130],[38,130],[38,130],[38,130],[38,130],[38,130],[38,130],[38,130],[38,130],[38,130],[38,130],[38,130],[38,130],[38,130],[38,130],[38,130],[38,130],[38,130],[38,60,10,60],[38,58,14,58],[38,56,18,56],[38,55,20,55],[38,54,22,54],[38,54,22,54],[38,53,24,53],[38,53,24,53],[38,52,26,52],[38,52,26,52],[38,51,28,51],[38,51,28,51],[38,51,28,51],[38,51,28,51],[38,51,28,51],[38,51,28,51],[38,51,28,51],[38,51,28,51],[38,52,26,52],[38,52,26,52],[38,53,24,53],[38,53,24,53],[38,54,22,54],[38,55,20,55],[38,56,18,56],[38,57,16,57],[38,58,14,58],[38,59,12,59],[38,60,10,60],[38,61,8,61],[38,61,8,61],[38,61,8,61],[38,61,8,61],[38,60,10,60],[38,60,10,60],[38,59,12,59],[38,58,14,58],[39,56,16,56]],"bounds":{"minX":217,"minY":144,"maxX":423,"maxY":291}},{"rle":[[62,10],[60,14],[58,18],[57,20],[56,22],[55,24],[54,26],[54,26],[53,28],[53,28],[52,30],[52,30],[51,32],[51,32],[51,32],[51,32],[51,32],[51,32],[51,32],[51,32],[52,30],[52,30],[53,28],[53,28],[54,26],[55,24],[56,22],[57,20],[58,18],[59,16],[60,14],[61,12],[61,12],[61,12],[61,12],[60,14],[60,14],[59,16],[1,128],[0,130],[0,130],[0,130],[0,130],[0,130],[0,130],[0,130],[0,130],[0,130],[0,130],[0,130],[0,130],[0,130],[0,130],[0,130],[0,130],[0,130],[0,130],[0,130],[0,130],[0,130],[0,130],[0,130],[0,130],[0,130],[0,130],[0,130],[0,130],[0,130],[0,130],[0,130],[0,130],[0,130],[0,130],[0,130],[0,130],[0,130],[0,130],[0,130],[0,130],[0,130],[0,130],[0,130],[0,130],[0,130],[0,130],[0,130],[0,130],[0,130],[0,130],[0,130],[0,130],[0,130],[0,130],[0,130],[0,130],[0,130],[0,130],[0,130],[0,130],[0,20,8,74,8,20],[0,18,12,70,12,18],[0,16,16,66,16,16],[0,15,19,62,19,15],[0,14,21,60,21,14],[0,13,23,58,23,13],[1,11,24,58,24,11],[2,9,26,56,26,9],[3,7,27,56,27,7],[5,4,29,54,29,4],[38,54],[38,54],[38,54],[38,54],[38,54],[38,54],[38,54],[38,54],[5,4,29,54,29,4],[3,7,27,56,27,7],[2,9,26,56,26,9],[1,11,24,58,24,11],[0,13,23,58,23,13],[0,14,21,60,21,14],[0,15,19,62,19,15],[0,16,16,66,16,16],[0,18,12,70,12,18],[0,20,8,74,8,20],[0,130],[0,130],[0,130],[0,130],[0,130],[0,130],[0,130],[0,130],[0,130],[0,130],[0,130],[0,130],[0,130],[0,130],[0,130],[0,130],[0,130],[0,130],[0,130],[0,130],[0,130],[0,130],[0,130],[0,130],[0,130],[0,130],[0,130],[0,130],[0,130],[0,130],[0,130],[0,130],[0,130],[0,130],[0,130],[0,130],[0,130],[0,130],[0,130],[0,130],[0,130],[0,130],[0,130],[0,130],[0,130],[0,130],[0,130],[0,130],[0,130],[0,130],[0,130],[0,130],[0,130],[0,130],[0,130],[0,130],[0,130],[1,128],[58,16],[59,14],[59,14],[60,12],[60,12],[60,12],[60,12],[59,14],[58,16],[57,18],[56,20],[55,22],[54,24],[53,26],[52,28],[52,28],[51,30],[51,30],[50,32],[50,32],[50,32],[50,32],[50,32],[50,32],[50,32],[50,32],[51,30],[51,30],[52,28],[52,28],[53,26],[53,26],[54,24],[55,22],[56,20],[57,18],[59,14],[61,10]],"bounds":{"minX":383,"minY":106,"maxX":513,"maxY":329}},{"rle":[[39,57,16,55],[38,59,14,57],[38,60,12,58],[38,61,10,59],[38,61,10,59],[38,62,8,60],[38,62,8,60],[38,62,8,60],[38,62,8,60],[38,61,10,59],[38,60,12,58],[38,59,14,57],[38,58,16,56],[38,57,18,55],[38,56,20,54],[38,55,22,53],[38,54,24,52],[38,54,24,52],[38,53,26,51],[38,53,26,51],[38,52,28,50],[38,52,28,50],[38,52,28,50],[38,52,28,50],[38,52,28,50],[38,52,28,50],[38,52,28,50],[38,52,28,50],[38,53,26,51],[38,53,26,51],[38,54,24,52],[38,54,24,52],[38,55,22,53],[38,55,22,53],[38,56,20,54],[38,57,18,55],[38,59,14,57],[38,61,10,59],[38,130],[38,130],[38,130],[38,130],[38,130],[38,130],[38,130],[38,130],[38,130],[38,130],[38,130],[38,130],[38,130],[38,130],[38,130],[38,130],[38,130],[38,130],[38,130],[38,130],[38,130],[12,8,18,130,18,8],[10,12,16,130,16,12],[8,16,14,130,14,16],[6,19,13,130,13,19],[5,21,12,130,12,21],[4,23,11,130,11,23],[3,25,10,130,10,25],[2,27,9,130,9,27],[2,28,7,132,7,28],[1,30,4,136,4,30],[1,204],[0,206],[0,206],[0,206],[0,206],[0,206],[0,206],[0,206],[0,206],[0,206],[0,206],[1,204],[1,30,4,136,4,30],[2,28,7,132,7,28],[2,27,9,130,9,27],[3,25,10,130,10,25],[4,23,11,130,11,23],[5,21,12,130,12,21],[6,19,13,130,13,19],[8,16,14,130,14,16],[10,12,16,130,16,12],[12,8,18,130,18,8],[38,130],[38,130],[38,130],[38,130],[38,130],[38,130],[38,130],[38,130],[38,130],[38,130],[38,130],[38,130],[38,130],[38,130],[38,130],[38,130],[38,130],[38,130],[38,60,10,60],[38,58,14,58],[38,56,18,56],[38,55,20,55],[38,54,22,54],[38,54,22,54],[38,53,24,53],[38,53,24,53],[38,52,26,52],[38,52,26,52],[38,51,28,51],[38,51,28,51],[38,51,28,51],[38,51,28,51],[38,51,28,51],[38,51,28,51],[38,51,28,51],[38,51,28,51],[38,52,26,52],[38,52,26,52],[38,53,24,53],[38,53,24,53],[38,54,22,54],[38,55,20,55],[38,56,18,56],[38,57,16,57],[38,58,14,58],[38,59,12,59],[38,60,10,60],[38,61,8,61],[38,61,8,61],[38,61,8,61],[38,61,8,61],[38,60,10,60],[38,60,10,60],[38,59,12,59],[38,58,14,58],[39,56,16,56]],"bounds":{"minX":473,"minY":144,"maxX":679,"maxY":291}},{"rle":[[68,10],[66,14],[64,18],[63,20],[62,22],[61,24],[60,26],[60,26],[59,28],[59,28],[58,30],[58,30],[57,32],[57,32],[57,32],[57,32],[57,32],[57,32],[57,32],[57,32],[58,30],[58,30],[59,28],[59,28],[60,26],[61,24],[62,22],[63,20],[64,18],[65,16],[66,14],[67,12],[67,12],[67,12],[67,12],[66,14],[66,14],[65,16],[1,128],[0,129],[0,129],[0,129],[0,129],[0,129],[0,129],[0,129],[0,129],[0,129],[0,129],[0,129],[0,129],[0,129],[0,129],[0,129],[0,129],[0,129],[0,129],[0,129],[0,129],[0,129],[0,129],[0,129],[0,129],[0,129],[0,129],[0,129],[0,129],[0,129],[0,129],[0,129],[0,129],[0,129],[0,129],[0,129],[0,129],[0,129],[0,129],[0,129],[0,129],[0,129],[0,129],[0,129],[0,129],[0,129],[0,129],[0,129],[0,129],[0,129],[0,129],[0,129],[0,129],[0,129],[0,129],[0,129],[0,129],[0,129],[0,129],[0,129],[0,129],[0,20,8,101],[0,18,12,99],[0,16,16,97],[0,15,19,95],[0,14,21,94],[0,13,23,93],[1,11,24,93],[2,9,26,92],[3,7,27,92],[5,4,29,91],[38,91],[38,91],[38,91],[38,91],[38,91],[38,91],[38,91],[38,91],[5,4,29,91],[3,7,27,92],[2,9,26,92],[1,11,24,93],[0,13,23,93],[0,14,21,94],[0,15,19,95],[0,16,16,97],[0,18,12,99],[0,20,8,101],[0,129],[0,129],[0,129],[0,129],[0,129],[0,129],[0,129],[0,129],[0,129],[0,129],[0,129],[0,129],[0,129],[0,129],[0,129],[0,129],[0,129],[0,129],[0,129],[0,129],[0,129],[0,129],[0,129],[0,129],[0,129],[0,129],[0,129],[0,129],[0,129],[0,129],[0,129],[0,129],[0,129],[0,129],[0,129],[0,129],[0,129],[0,129],[0,129],[0,129],[0,129],[0,129],[0,129],[0,129],[0,129],[0,129],[0,129],[0,129],[0,129],[0,129],[0,129],[0,129],[0,129],[0,129],[0,129],[0,129],[0,129],[1,128],[59,16],[60,14],[60,14],[61,12],[61,12],[61,12],[61,12],[60,14],[59,16],[58,18],[57,20],[56,22],[55,24],[54,26],[53,28],[53,28],[52,30],[52,30],[51,32],[51,32],[51,32],[51,32],[51,32],[51,32],[51,32],[51,32],[52,30],[52,30],[53,28],[53,28],[54,26],[54,26],[55,24],[56,22],[57,20],[58,18],[60,14],[62,10]],"bounds":{"minX":639,"minY":106,"maxX":768,"maxY":329}},{"rle":[[58,10],[56,14],[54,18],[53,20],[52,22],[51,24],[50,26],[50,26],[49,28],[49,28],[48,30],[48,30],[47,32],[47,32],[47,32],[47,32],[47,32],[47,32],[47,32],[47,32],[48,30],[48,30],[49,28],[49,28],[50,26],[51,24],[52,22],[53,20],[54,18],[55,16],[56,14],[57,12],[57,12],[57,12],[57,12],[56,14],[56,14],[55,16],[0,128],[0,129],[0,129],[0,129],[0,129],[0,129],[0,129],[0,129],[0,129],[0,129],[0,129],[0,129],[0,129],[0,129],[0,129],[0,129],[0,129],[0,129],[0,129],[0,129],[0,129],[0,129],[0,129],[0,129],[0,129],[0,129],[0,129],[0,129],[0,129],[0,129],[0,129],[0,129],[0,129],[0,129],[0,129],[0,129],[0,129],[0,129],[0,129],[0,129],[0,129],[0,129],[0,129],[0,129],[0,129],[0,129],[0,129],[0,129],[0,129],[0,129],[0,129],[0,129],[0,129],[0,129],[0,129],[0,129],[0,129],[0,129],[0,129],[0,129],[0,129],[0,101,8,20],[0,99,12,18],[0,97,16,16],[0,95,19,15],[0,94,21,14],[0,93,23,13],[0,93,24,11],[0,92,26,9],[0,92,27,7],[0,91,29,4],[0,91],[0,91],[0,91],[0,91],[0,91],[0,91],[0,91],[0,91],[0,91,29,4],[0,92,27,7],[0,92,26,9],[0,93,24,11],[0,93,23,13],[0,94,21,14],[0,95,19,15],[0,97,16,16],[0,99,12,18],[0,101,8,20],[0,129],[0,129],[0,129],[0,129],[0,129],[0,129],[0,129],[0,129],[0,129],[0,129],[0,129],[0,129],[0,129],[0,129],[0,129],[0,129],[0,129],[0,129],[0,129],[0,129],[0,129],[0,129],[0,129],[0,129],[0,129],[0,129],[0,129],[0,129],[0,129],[0,129],[0,129],[0,129],[0,129],[0,129],[0,129],[0,129],[0,129],[0,129],[0,129],[0,129],[0,129],[0,129],[0,129],[0,129],[0,129],[0,129],[0,129],[0,129],[0,129],[0,129],[0,129],[0,129],[0,129],[0,129],[0,129],[0,129],[0,129],[0,128],[55,16],[56,14],[56,14],[57,12],[57,12],[57,12],[57,12],[56,14],[55,16],[54,18],[53,20],[52,22],[51,24],[50,26],[49,28],[49,28],[48,30],[48,30],[47,32],[47,32],[47,32],[47,32],[47,32],[47,32],[47,32],[47,32],[48,30],[48,30],[49,28],[49,28],[50,26],[50,26],[51,24],[52,22],[53,20],[54,18],[56,14],[58,10]],"bounds":{"minX":0,"minY":251,"maxX":129,"maxY":474}},{"rle":[[39,55,16,57],[38,57,14,59],[38,58,12,60],[38,59,10,61],[38,59,10,61],[38,60,8,62],[38,60,8,62],[38,60,8,62],[38,60,8,62],[38,59,10,61],[38,58,12,60],[38,57,14,59],[38,56,16,58],[38,55,18,57],[38,54,20,56],[38,53,22,55],[38,52,24,54],[38,52,24,54],[38,51,26,53],[38,51,26,53],[38,50,28,52],[38,50,28,52],[38,50,28,52],[38,50,28,52],[38,50,28,52],[38,50,28,52],[38,50,28,52],[38,50,28,52],[38,51,26,53],[38,51,26,53],[38,52,24,54],[38,52,24,54],[38,53,22,55],[38,53,22,55],[38,54,20,56],[38,55,18,57],[38,57,14,59],[38,59,10,61],[38,130],[38,130],[38,130],[38,130],[38,130],[38,130],[38,130],[38,130],[38,130],[38,130],[38,130],[38,130],[38,130],[38,130],[38,130],[38,130],[38,130],[38,130],[38,130],[38,130],[38,130],[12,8,18,102,8,20],[10,12,16,100,12,18],[8,16,14,98,16,16],[6,19,13,96,19,15],[5,21,12,95,21,14],[4,23,11,94,23,13],[3,25,10,94,24,11],[2,27,9,93,26,9],[2,28,7,94,27,7],[1,30,4,95,29,4],[1,129],[0,130],[0,130],[0,130],[0,130],[0,130],[0,130],[0,130],[0,130,29,4],[0,131,27,7],[0,131,26,9],[1,131,24,11],[1,30,4,97,23,13],[2,28,7,96,21,14],[2,27,9,96,19,15],[3,25,10,98,16,16],[4,23,11,100,12,18],[5,21,12,102,8,20],[6,19,13,130],[8,16,14,130],[10,12,16,130],[12,8,18,130],[38,130],[38,130],[38,130],[38,130],[38,130],[38,130],[38,130],[38,130],[38,130],[38,130],[38,130],[38,130],[38,130],[38,130],[38,130],[38,130],[38,130],[38,130],[38,130],[38,130],[38,130],[38,130],[38,130],[38,130],[38,130],[38,130],[38,130],[38,130],[38,130],[38,130],[38,130],[38,130],[38,130],[38,130],[38,130],[38,130],[38,130],[38,130],[38,130],[38,130],[38,130],[38,130],[38,130],[38,130],[38,130],[38,130],[38,130],[38,130],[38,130],[38,130],[38,130],[38,130],[38,130],[38,130],[38,130],[39,128],[94,16],[95,14],[95,14],[96,12],[96,12],[96,12],[96,12],[95,14],[94,16],[93,18],[92,20],[91,22],[90,24],[89,26],[88,28],[88,28],[87,30],[87,30],[86,32],[86,32],[86,32],[86,32],[86,32],[86,32],[86,32],[86,32],[87,30],[87,30],[88,28],[88,28],[89,26],[89,26],[90,24],[91,22],[92,20],[93,18],[95,14],[97,10]],"bounds":{"minX":89,"minY":289,"maxX":257,"maxY":474}},{"rle":[[98,10],[96,14],[94,18],[93,20],[92,22],[91,24],[90,26],[90,26],[89,28],[89,28],[88,30],[88,30],[87,32],[87,32],[87,32],[87,32],[87,32],[87,32],[87,32],[87,32],[88,30],[88,30],[89,28],[89,28],[90,26],[91,24],[92,22],[93,20],[94,18],[95,16],[96,14],[97,12],[97,12],[97,12],[97,12],[96,14],[96,14],[95,16],[39,128],[38,130],[38,130],[38,130],[38,130],[38,130],[38,130],[38,130],[38,130],[38,130],[38,130],[38,130],[38,130],[38,130],[38,130],[38,130],[38,130],[38,130],[38,130],[38,130],[38,130],[38,130],[38,130],[38,130],[38,130],[38,130],[38,130],[38,130],[38,130],[38,130],[38,130],[38,130],[38,130],[38,130],[38,130],[38,130],[38,130],[38,130],[38,130],[38,130],[38,130],[38,130],[38,130],[38,130],[38,130],[38,130],[38,130],[38,130],[38,130],[38,130],[38,130],[38,130],[38,130],[38,130],[38,130],[38,130],[38,130],[12,8,18,130],[10,12,16,102,8,20],[8,16,14,100,12,18],[6,19,13,98,16,16],[5,21,12,96,19,15],[4,23,11,95,21,14],[3,25,10,94,23,13],[2,27,9,94,24,11],[2,28,7,94,26,9],[1,30,4,96,27,7],[1,129,29,4],[0,130],[0,130],[0,130],[0,130],[0,130],[0,130],[0,130],[0,130],[0,130,29,4],[0,131,27,7],[1,130,26,9],[1,30,4,97,24,11],[2,28,7,95,23,13],[2,27,9,95,21,14],[3,25,10,96,19,15],[4,23,11,98,16,16],[5,21,12,100,12,18],[6,19,13,102,8,20],[8,16,14,130],[10,12,16,130],[12,8,18,130],[38,130],[38,130],[38,130],[38,130],[38,130],[38,130],[38,130],[38,130],[38,130],[38,130],[38,130],[38,130],[38,130],[38,130],[38,130],[38,130],[38,130],[38,130],[38,130],[38,130],[38,60,10,60],[38,58,14,58],[38,56,18,56],[38,55,20,55],[38,54,22,54],[38,54,22,54],[38,53,24,53],[38,53,24,53],[38,52,26,52],[38,52,26,52],[38,51,28,51],[38,51,28,51],[38,51,28,51],[38,51,28,51],[38,51,28,51],[38,51,28,51],[38,51,28,51],[38,51,28,51],[38,52,26,52],[38,52,26,52],[38,53,24,53],[38,53,24,53],[38,54,22,54],[38,55,20,55],[38,56,18,56],[38,57,16,57],[38,58,14,58],[38,59,12,59],[38,60,10,60],[38,61,8,61],[38,61,8,61],[38,61,8,61],[38,61,8,61],[38,60,10,60],[38,60,10,60],[38,59,12,59],[38,58,14,58],[39,56,16,56]],"bounds":{"minX":217,"minY":251,"maxX":385,"maxY":436}},{"rle":[[39,57,16,55],[38,59,14,57],[38,60,12,58],[38,61,10,59],[38,61,10,59],[38,62,8,60],[38,62,8,60],[38,62,8,60],[38,62,8,60],[38,61,10,59],[38,60,12,58],[38,59,14,57],[38,58,16,56],[38,57,18,55],[38,56,20,54],[38,55,22,53],[38,54,24,52],[38,54,24,52],[38,53,26,51],[38,53,26,51],[38,52,28,50],[38,52,28,50],[38,52,28,50],[38,52,28,50],[38,52,28,50],[38,52,28,50],[38,52,28,50],[38,52,28,50],[38,53,26,51],[38,53,26,51],[38,54,24,52],[38,54,24,52],[38,55,22,53],[38,55,22,53],[38,56,20,54],[38,57,18,55],[38,59,14,57],[38,61,10,59],[38,130],[38,130],[38,130],[38,130],[38,130],[38,130],[38,130],[38,130],[38,130],[38,130],[38,130],[38,130],[38,130],[38,130],[38,130],[38,130],[38,130],[38,130],[12,8,18,130],[10,12,16,130],[8,16,14,130],[6,19,13,130],[5,21,12,130,18,8],[4,23,11,130,16,12],[3,25,10,130,14,16],[2,27,9,130,13,19],[2,28,7,131,12,21],[1,30,4,133,11,23],[1,167,10,25],[0,168,9,27],[0,169,7,28],[0,171,4,30],[0,205],[0,206],[0,206],[0,206],[0,206],[0,206],[0,206],[1,205],[1,30,4,171],[2,28,7,169],[2,27,9,168],[3,25,10,167],[4,23,11,133,4,30],[5,21,12,131,7,28],[6,19,13,130,9,27],[8,16,14,130,10,25],[10,12,16,130,11,23],[12,8,18,130,12,21],[38,130,13,19],[38,130,14,16],[38,130,16,12],[38,130,18,8],[38,130],[38,130],[38,130],[38,130],[38,130],[38,130],[38,130],[38,130],[38,130],[38,130],[38,130],[38,130],[38,130],[38,130],[38,130],[38,130],[38,130],[38,61,10,59],[38,59,14,57],[38,57,18,55],[38,56,20,54],[38,55,22,53],[38,55,22,53],[38,54,24,52],[38,54,24,52],[38,53,26,51],[38,53,26,51],[38,52,28,50],[38,52,28,50],[38,52,28,50],[38,52,28,50],[38,52,28,50],[38,52,28,50],[38,52,28,50],[38,52,28,50],[38,53,26,51],[38,53,26,51],[38,54,24,52],[38,54,24,52],[38,55,22,53],[38,56,20,54],[38,57,18,55],[38,58,16,56],[38,59,14,57],[38,60,12,58],[38,61,10,59],[38,62,8,60],[38,62,8,60],[38,62,8,60],[38,62,8,60],[38,61,10,59],[38,61,10,59],[38,60,12,58],[38,59,14,57],[39,57,16,55]],"bounds":{"minX":345,"minY":289,"maxX":551,"maxY":436}},{"rle":[[60,10],[58,14],[56,18],[55,20],[54,22],[53,24],[52,26],[52,26],[51,28],[51,28],[50,30],[50,30],[49,32],[49,32],[49,32],[49,32],[49,32],[49,32],[49,32],[49,32],[50,30],[50,30],[51,28],[51,28],[52,26],[53,24],[54,22],[55,20],[56,18],[57,16],[58,14],[59,12],[59,12],[59,12],[59,12],[58,14],[58,14],[57,16],[1,128],[0,130],[0,130],[0,130],[0,130],[0,130],[0,130],[0,130],[0,130],[0,130],[0,130],[0,130],[0,130],[0,130],[0,130],[0,130],[0,130],[0,130],[0,130],[0,130],[0,130],[0,130],[0,130],[0,130],[0,130],[0,130],[0,130],[0,130],[0,130],[0,130],[0,130],[0,130],[0,130],[0,130],[0,130],[0,130],[0,130],[0,130],[0,130],[0,130],[0,130],[0,130],[0,130],[0,130],[0,130],[0,130],[0,130],[0,130],[0,130],[0,130],[0,130],[0,130],[0,130],[0,130],[0,130],[0,130],[0,130],[0,130],[0,130],[0,130],[0,130],[0,102,8,20],[0,20,8,72,12,18],[0,18,12,68,16,16],[0,16,16,64,19,15],[0,15,19,61,21,14],[0,14,21,59,23,13],[0,13,23,58,24,11],[1,11,24,57,26,9],[2,9,26,56,27,7],[3,7,27,55,29,4],[5,4,29,54],[38,54],[38,54],[38,54],[38,54],[38,54],[38,54],[38,54],[38,54,29,4],[5,4,29,55,27,7],[3,7,27,56,26,9],[2,9,26,57,24,11],[1,11,24,58,23,13],[0,13,23,59,21,14],[0,14,21,61,19,15],[0,15,19,64,16,16],[0,16,16,68,12,18],[0,18,12,72,8,20],[0,20,8,102],[0,130],[0,130],[0,130],[0,130],[0,130],[0,130],[0,130],[0,130],[0,130],[0,130],[0,130],[0,130],[0,130],[0,130],[0,130],[0,130],[0,130],[0,130],[0,130],[0,60,10,60],[0,58,14,58],[0,56,18,56],[0,55,20,55],[0,54,22,54],[0,54,22,54],[0,53,24,53],[0,53,24,53],[0,52,26,52],[0,52,26,52],[0,51,28,51],[0,51,28,51],[0,51,28,51],[0,51,28,51],[0,51,28,51],[0,51,28,51],[0,51,28,51],[0,51,28,51],[0,52,26,52],[0,52,26,52],[0,53,24,53],[0,53,24,53],[0,54,22,54],[0,55,20,55],[0,56,18,56],[0,57,16,57],[0,58,14,58],[0,59,12,59],[0,60,10,60],[0,61,8,61],[0,61,8,61],[0,61,8,61],[0,61,8,61],[0,60,10,60],[0,60,10,60],[0,59,12,59],[0,58,14,58],[1,56,16,56]],"bounds":{"minX":511,"minY":251,"maxX":641,"maxY":436}},{"rle":[[39,58,16,54],[38,60,14,55],[38,61,12,56],[38,62,10,57],[38,62,10,57],[38,63,8,58],[38,63,8,58],[38,63,8,58],[38,63,8,58],[38,62,10,57],[38,61,12,56],[38,60,14,55],[38,59,16,54],[38,58,18,53],[38,57,20,52],[38,56,22,51],[38,55,24,50],[38,55,24,50],[38,54,26,49],[38,54,26,49],[38,53,28,48],[38,53,28,48],[38,53,28,48],[38,53,28,48],[38,53,28,48],[38,53,28,48],[38,53,28,48],[38,53,28,48],[38,54,26,49],[38,54,26,49],[38,55,24,50],[38,55,24,50],[38,56,22,51],[38,56,22,51],[38,57,20,52],[38,58,18,53],[38,60,14,55],[38,62,10,57],[38,129],[38,129],[38,129],[38,129],[38,129],[38,129],[38,129],[38,129],[38,129],[38,129],[38,129],[38,129],[38,129],[38,129],[38,129],[38,129],[38,129],[38,129],[38,129],[38,129],[38,129],[12,8,18,129],[10,12,16,129],[8,16,14,129],[6,19,13,129],[5,21,12,129],[4,23,11,129],[3,25,10,129],[2,27,9,129],[2,28,7,130],[1,30,4,132],[1,166],[0,167],[0,167],[0,167],[0,167],[0,167],[0,167],[0,167],[0,167],[0,167],[0,167],[1,166],[1,30,4,132],[2,28,7,130],[2,27,9,129],[3,25,10,129],[4,23,11,129],[5,21,12,129],[6,19,13,129],[8,16,14,129],[10,12,16,129],[12,8,18,129],[38,129],[38,129],[38,129],[38,129],[38,129],[38,129],[38,129],[38,129],[38,129],[38,129],[38,129],[38,129],[38,129],[38,129],[38,129],[38,129],[38,129],[38,129],[38,62,10,57],[38,60,14,55],[38,58,18,53],[38,57,20,52],[38,56,22,51],[38,56,22,51],[38,55,24,50],[38,55,24,50],[38,54,26,49],[38,54,26,49],[38,53,28,48],[38,53,28,48],[38,53,28,48],[38,53,28,48],[38,53,28,48],[38,53,28,48],[38,53,28,48],[38,53,28,48],[38,54,26,49],[38,54,26,49],[38,55,24,50],[38,55,24,50],[38,56,22,51],[38,57,20,52],[38,58,18,53],[38,59,16,54],[38,60,14,55],[38,61,12,56],[38,62,10,57],[38,63,8,58],[38,63,8,58],[38,63,8,58],[38,63,8,58],[38,62,10,57],[38,62,10,57],[38,61,12,56],[38,60,14,55],[39,58,16,54]],"bounds":{"minX":601,"minY":289,"maxX":768,"maxY":436}},{"rle":[[0,55,16,57],[0,56,14,59],[0,57,12,60],[0,58,10,61],[0,58,10,61],[0,59,8,62],[0,59,8,62],[0,59,8,62],[0,59,8,62],[0,58,10,61],[0,57,12,60],[0,56,14,59],[0,55,16,58],[0,54,18,57],[0,53,20,56],[0,52,22,55],[0,51,24,54],[0,51,24,54],[0,50,26,53],[0,50,26,53],[0,49,28,52],[0,49,28,52],[0,49,28,52],[0,49,28,52],[0,49,28,52],[0,49,28,52],[0,49,28,52],[0,49,28,52],[0,50,26,53],[0,50,26,53],[0,51,24,54],[0,51,24,54],[0,52,22,55],[0,52,22,55],[0,53,20,56],[0,54,18,57],[0,56,14,59],[0,58,10,61],[0,129],[0,129],[0,129],[0,129],[0,129],[0,129],[0,129],[0,129],[0,129],[0,129],[0,129],[0,129],[0,129],[0,129],[0,129],[0,129],[0,129],[0,129],[0,129],[0,129],[0,129],[0,129],[0,129],[0,129],[0,129],[0,129],[0,129,18,8],[0,129,16,12],[0,129,14,16],[0,129,13,19],[0,129,12,21],[0,129,11,23],[0,129,10,25],[0,129,9,27],[0,130,7,28],[0,132,4,30],[0,166],[0,167],[0,167],[0,167],[0,167],[0,167],[0,167],[0,167],[0,167],[0,167],[0,167],[0,166],[0,132,4,30],[0,130,7,28],[0,129,9,27],[0,129,10,25],[0,129,11,23],[0,129,12,21],[0,129,13,19],[0,129,14,16],[0,129,16,12],[0,129,18,8],[0,129],[0,129],[0,129],[0,129],[0,129],[0,129],[0,129],[0,129],[0,129],[0,129],[0,129],[0,129],[0,129],[0,58,10,61],[0,56,14,59],[0,54,18,57],[0,53,20,56],[0,52,22,55],[0,52,22,55],[0,51,24,54],[0,51,24,54],[0,50,26,53],[0,50,26,53],[0,49,28,52],[0,49,28,52],[0,49,28,52],[0,49,28,52],[0,49,28,52],[0,49,28,52],[0,49,28,52],[0,49,28,52],[0,50,26,53],[0,50,26,53],[0,51,24,54],[0,51,24,54],[0,52,22,55],[0,53,20,56],[0,54,18,57],[0,55,16,58],[0,56,14,59],[0,57,12,60],[0,58,10,61],[0,59,8,62],[0,59,8,62],[0,59,8,62],[0,59,8,62],[0,58,10,61],[0,58,10,61],[0,57,12,60],[0,56,14,59],[0,55,16,57]],"bounds":{"minX":0,"minY":434,"maxX":167,"maxY":581}},{"rle":[[1,55,16,57],[0,57,14,59],[0,58,12,60],[0,59,10,61],[0,59,10,61],[0,60,8,62],[0,60,8,62],[0,60,8,62],[0,60,8,62],[0,59,10,61],[0,58,12,60],[0,57,14,59],[0,56,16,58],[0,55,18,57],[0,54,20,56],[0,53,22,55],[0,52,24,54],[0,52,24,54],[0,51,26,53],[0,51,26,53],[0,50,28,52],[0,50,28,52],[0,50,28,52],[0,50,28,52],[0,50,28,52],[0,50,28,52],[0,50,28,52],[0,50,28,52],[0,51,26,53],[0,51,26,53],[0,52,24,54],[0,52,24,54],[0,53,22,55],[0,53,22,55],[0,54,20,56],[0,55,18,57],[0,57,14,59],[0,59,10,61],[0,130],[0,130],[0,130],[0,130],[0,130],[0,130],[0,130],[0,130],[0,130],[0,130],[0,130],[0,130],[0,130],[0,130],[0,130],[0,130],[0,130],[0,130],[0,130],[0,130],[0,130],[0,130],[0,130,18,8],[0,130,16,12],[0,130,14,16],[0,130,13,19],[0,130,12,21],[0,130,11,23],[0,20,8,102,10,25],[0,18,12,100,9,27],[0,16,16,99,7,28],[0,15,19,99,4,30],[0,14,21,132],[0,13,23,132],[1,11,24,132],[2,9,26,131],[3,7,27,131],[5,4,29,130],[38,130],[38,130],[38,130],[38,130],[38,130],[38,129],[38,95,4,30],[38,93,7,28],[5,4,29,92,9,27],[3,7,27,93,10,25],[2,9,26,93,11,23],[1,11,24,94,12,21],[0,13,23,94,13,19],[0,14,21,95,14,16],[0,15,19,96,16,12],[0,16,16,98,18,8],[0,18,12,100],[0,20,8,102],[0,130],[0,130],[0,130],[0,130],[0,130],[0,130],[0,130],[0,130],[0,130],[0,130],[0,130],[0,130],[0,130],[0,130],[0,130],[0,130],[0,130],[0,130],[0,130],[0,130],[0,130],[0,130],[0,130],[0,130],[0,130],[0,130],[0,130],[0,130],[0,130],[0,130],[0,130],[0,130],[0,130],[0,130],[0,130],[0,130],[0,130],[0,130],[0,130],[0,130],[0,130],[0,130],[0,130],[0,130],[0,130],[0,130],[0,130],[0,130],[0,130],[0,130],[0,130],[0,130],[1,128],[56,16],[57,14],[57,14],[58,12],[58,12],[58,12],[58,12],[57,14],[56,16],[55,18],[54,20],[53,22],[52,24],[51,26],[50,28],[50,28],[49,30],[49,30],[48,32],[48,32],[48,32],[48,32],[48,32],[48,32],[48,32],[48,32],[49,30],[49,30],[50,28],[50,28],[51,26],[51,26],[52,24],[53,22],[54,20],[55,18],[57,14],[59,10]],"bounds":{"minX":127,"minY":434,"maxX":295,"maxY":619}},{"rle":[[60,10],[58,14],[56,18],[55,20],[54,22],[53,24],[52,26],[52,26],[51,28],[51,28],[50,30],[50,30],[49,32],[49,32],[49,32],[49,32],[49,32],[49,32],[49,32],[49,32],[50,30],[50,30],[51,28],[51,28],[52,26],[53,24],[54,22],[55,20],[56,18],[57,16],[58,14],[59,12],[59,12],[59,12],[59,12],[58,14],[58,14],[57,16],[1,128],[0,130],[0,130],[0,130],[0,130],[0,130],[0,130],[0,130],[0,130],[0,130],[0,130],[0,130],[0,130],[0,130],[0,130],[0,130],[0,130],[0,130],[0,130],[0,130],[0,130],[0,130],[0,130],[0,130],[0,130],[0,130],[0,130],[0,130],[0,130],[0,130],[0,130],[0,130],[0,130],[0,130],[0,130],[0,130],[0,130],[0,130],[0,130],[0,130],[0,130],[0,130],[0,130],[0,130],[0,130],[0,130],[0,130],[0,130],[0,130],[0,130],[0,130],[0,130],[0,130],[0,130],[0,130],[0,130],[0,130],[0,130],[0,130],[0,130],[0,130],[0,130],[0,20,8,74,8,20],[0,18,12,70,12,18],[0,16,16,66,16,16],[0,15,19,62,19,15],[0,14,21,60,21,14],[0,13,23,58,23,13],[1,11,24,58,24,11],[2,9,26,56,26,9],[3,7,27,56,27,7],[5,4,29,54,29,4],[38,54],[38,54],[38,54],[38,54],[38,54],[38,54],[38,54],[38,54],[5,4,29,54,29,4],[3,7,27,56,27,7],[2,9,26,56,26,9],[1,11,24,58,24,11],[0,13,23,58,23,13],[0,14,21,60,21,14],[0,15,19,62,19,15],[0,16,16,66,16,16],[0,18,12,70,12,18],[0,20,8,74,8,20],[0,130],[0,130],[0,130],[0,130],[0,130],[0,130],[0,130],[0,130],[0,130],[0,130],[0,130],[0,130],[0,130],[0,130],[0,130],[0,130],[0,130],[0,130],[0,130],[0,130],[0,130],[0,130],[0,130],[0,130],[0,130],[0,130],[0,130],[0,130],[0,130],[0,130],[0,130],[0,130],[0,130],[0,130],[0,130],[0,130],[0,130],[0,130],[0,130],[0,130],[0,130],[0,130],[0,130],[0,130],[0,130],[0,130],[0,130],[0,130],[0,130],[0,130],[0,130],[0,130],[0,130],[0,130],[0,130],[0,130],[1,128],[57,16],[58,14],[58,14],[59,12],[59,12],[59,12],[59,12],[58,14],[57,16],[56,18],[55,20],[54,22],[53,24],[52,26],[51,28],[51,28],[50,30],[50,30],[49,32],[49,32],[49,32],[49,32],[49,32],[49,32],[49,32],[49,32],[50,30],[50,30],[51,28],[51,28],[52,26],[52,26],[53,24],[54,22],[55,20],[56,18],[58,14],[60,10]],"bounds":{"minX":255,"minY":396,"maxX":385,"maxY":619}},{"rle":[[99,10],[97,14],[95,18],[94,20],[93,22],[92,24],[91,26],[91,26],[90,28],[90,28],[89,30],[89,30],[88,32],[88,32],[88,32],[88,32],[88,32],[88,32],[88,32],[88,32],[89,30],[89,30],[90,28],[90,28],[91,26],[92,24],[93,22],[94,20],[95,18],[96,16],[97,14],[98,12],[98,12],[98,12],[98,12],[97,14],[97,14],[96,16],[39,128],[38,130],[38,130],[38,130],[38,130],[38,130],[38,130],[38,130],[38,130],[38,130],[38,130],[38,130],[38,130],[38,130],[38,130],[38,130],[38,130],[38,130],[38,130],[38,130],[38,130],[38,130],[38,130],[38,130],[38,130],[38,130],[38,130],[38,130],[38,130],[38,130],[38